 4
3
-1 -1
1 -1
0 1
6.5
5
-1 -1
1 -1
1 1
-1 1
0 0
7.54
9
-1 -1
1 -1
1 1
-1 1
-1.5 0
1.5 0
0 -1.5
0 1.5
0 0
17.5 
400
1.926316316084542 -27.42421977312011
-18.476243844637413 31.51801057766678
8.7012972354772 -26.272487652867543
43.452889733782044 46.6682352096626
23.55438628023124 2.060597378962159
-19.364747309425017 10.153850505044282
28.763189563900127 23.02043649169157
-5.759791197615094 -21.21049143269528
30.540413328736747 -30.36604165996434
43.17039629930194 -38.43587186569795
47.409957673709854 10.58120604061063
8.135244057548164 13.169010675301617
-15.712527674661391 17.8688266884086
-23.339021268174413 -11.800723550777764
28.842320068864947 39.92606427535083
-20.721492050972056 1.4294558770409305
-39.31635354826509 -12.709362231955662
-17.90747759128267 -35.77651654195964
15.278004186419302 2.353408372479665
30.809334327362674 -40.77476677108136
-5.536305475254438 34.90807680361033
-7.753467801035441 -11.744843605734328
29.742578594478815 -17.057433551024143
32.982470984404216 -46.57296206394639
22.805954252407034 3.4848612122537315
-9.884420202308824 -1.8043692671502631
25.149348368277284 29.048356640455737
-46.80091783582835 -21.066512080979777
22.907451817231234 36.43008118191003
30.76542796502906 -47.73597627943615
-4.668308056436121 -42.42420890367441
37.02347364716299 -46.263265113722554
-13.860021344654793 -48.52714749134777
-34.6862565171486 19.06947790272907
38.38417272650452 -13.994185821533739
11.36926181860355 18.428942742892286
41.59750698280701 22.02664326148678
2.167410669847997 -15.25189114903075
-1.2434457390577192 -32.253563152132756
20.8183237907357 -49.18119407868081
35.434989560887786 25.17202962476537
-3.4052603573763385 -46.91727434615322
7.290575776946651 6.710170696707019
37.45128391714836 -8.185210781015616
12.324459700956059 3.57689438621
-11.75623728498837 21.258126412950652
15.193160288860469 42.56243830075092
-34.82806904013044 -32.45091142795247
-14.899562117211524 -19.453780556581318
-32.260085721171855 -6.4983467282503256
30.056212111008314 -25.72899062104237
45.905694317851385 -27.231683683799464
8.30938986861513 13.694563092629043
-20.202180472681285 0.46775894624395686
26.525497835088046 -43.22981636307302
-23.495113440380294 33.524685384559575
10.841353524293234 15.802400294016856
-14.714907199500487 28.278199875926504
18.179928923561373 -13.918993734961433
-28.25713062684042 -37.17271757920766
33.33310698780297 26.67523862276259
12.418104697205152 44.101164856414705
-48.21302010086757 -4.568981431075036
19.237368815763634 44.56764978276339
-2.373530352787884 -49.24088547382583
-6.098565048905957 12.047022666661512
-26.40341017769834 6.306468067309224
21.94030857727694 -49.955416440140766
-42.292791024178555 -41.9436390935011
13.42860543034633 -41.145787676108284
37.37444419074688 46.39978789113333
48.942385453663206 -19.34257007214173
40.94144920479641 -20.082490174248807
-20.723697039522744 49.429455569268384
45.14281797551799 -10.397899413642042
48.04415131623134 16.00440116187803
24.258636432096104 -30.000875381925322
16.739153758530733 -32.11590376182917
-18.956285544728573 49.62092286579316
2.9614978758509825 42.59461472333731
14.629297106762662 21.127998089102473
-41.5058883707463 8.894352410453116
5.420428899769153 -49.0022443019411
11.555940484506422 24.856576590609542
-48.03048817028591 40.87171668700545
-25.205231490465184 25.31238787892316
-21.91449437304604 30.282174802266283
16.60396632568911 -11.93611489914163
24.966738049099384 -27.36298222214661
-42.082807617064766 33.26454903316137
-46.296280972571786 -15.553188988487538
-14.105448856273938 18.295892032710448
-20.19448237414807 -25.051856277564816
-4.401478371972201 -25.582476737649912
27.89610270801677 -26.156698521902626
-14.131113226189008 -32.23133027230786
-26.235544810917443 -48.155073708412246
21.433347330503477 -49.726627670841395
44.79980738935752 41.93141981587291
-29.20908359578844 15.988110145918355
5.679693174775213 -16.95517966168228
48.49082533098622 -25.579540166100674
-32.42085897617326 -45.81327747569437
15.250468765031645 -22.48121949997654
27.276248107354995 -41.95122486132992
-0.9967640842759473 42.340681507971404
-8.361482360003697 -28.78688854186761
40.01402970036565 -3.6155760167751794
10.814765548136574 30.861024001662397
8.593642064917418 9.522839058335364
18.562871697355078 -30.188595871799258
-4.109903999865367 35.208201943669216
5.794770276951916 43.47497687647072
-34.2918239181058 37.05008538731597
-29.744459685651282 38.36107487432176
39.54238692410287 33.5119730132885
28.884561016513654 19.36145187137323
33.6568728933511 19.457298409945423
43.132249644775186 26.659497578283332
-10.791782031261654 -38.340920320604475
-35.1690703311596 -3.4237277215519057
-29.03593604888424 -49.19125254734381
4.476212266845369 49.80925589785302
43.43531135821216 37.797098940425
-48.18679534056168 -44.30851029868752
23.82317875747613 34.01326638377801
35.356740701234656 25.615255642941083
5.307089990425828 -9.5990154622076
23.755782484592785 40.66599276212647
31.764297198404872 43.50341091741962
10.780175523230506 27.022767491160305
-15.197157942676204 4.011625245533079
-22.588681613042016 10.261498189826995
46.30007940577781 -9.666285482853688
-8.063378352182443 -9.529839019147806
-4.089583134101221 -43.37788412254927
16.69685785177809 6.938671534001589
-24.94903536230501 6.638357247518645
-2.007385784104115 48.951274871298736
3.939617948762147 13.25186684084279
4.5835698135288485 -10.434236175145362
-13.729091295646933 -34.49685571390999
31.36011271882051 -14.534172772453985
38.989923910331484 -20.13344665880359
-10.226205585109044 -14.044316192037826
-36.61834258940058 32.17023452100559
-11.568121845466656 -2.4250314032901343
44.62586111814845 -40.804541681417454
40.847585804322215 -35.142323975188845
25.054870151601783 -44.45019868226748
-18.817459658866824 4.488409649315045
38.76982717095188 38.266913407854545
-28.476329728717246 23.548397164980532
-12.47562210338864 -18.105287201936314
-20.363545968278245 -37.47715398727537
20.814677988316127 19.281541705240734
30.29627572803205 42.75041434429851
18.89435147460033 -2.096026343308788
-26.15013664253783 7.554191401272842
-23.09619364941604 -8.509550504108832
-12.78497519930476 -48.976563036091314
0.5186266701177666 26.89163455001739
-36.71734208274758 -35.165879260421626
39.90461793385622 -14.254700234277845
-44.64124165073004 -43.11947229931596
-39.40589123761708 -37.88830323469954
-12.39870775549215 -15.266918491040249
-9.035254800758318 -10.8074436483991
-23.501765012544322 -20.511913276031024
-48.158599386297105 -7.929029965727125
38.80735939429176 37.896834141197374
-20.87812962921596 -12.390548385930455
-11.446787822178722 -43.55404720054047
-14.658403042194024 3.925017090512534
-13.61121622205177 44.1080110441536
-30.04671335747211 -13.706267278558082
-4.294842911150481 -12.19225849602027
-11.839412419295714 -32.578632442629974
-29.597253195528374 42.245300599447326
44.545706913115794 22.08509104226562
9.686555946454362 7.249530117789527
47.500506637127124 -40.207937720687376
29.024836486197316 -9.577178927586354
-17.477886306826985 6.236045730618617
8.95751021875073 31.607391318077237
29.156713383787093 41.67276852020076
-4.268121394183827 -4.278480612731955
-16.290019193011783 -36.59856586917386
27.800170324588976 24.239426283885066
-18.929657996965688 -3.402390232857888
-19.74750561720216 -12.764683073930538
-44.557836133521334 -42.29592203685874
40.71487182071796 22.09634700070722
-3.4770592386711705 -5.524699638319818
30.15015016796277 -7.377762053989533
41.31006364250616 -9.690212207546544
34.249873497722156 -44.84261953876555
3.961300448402022 8.097012049166619
19.93956533234386 -39.42360444242331
32.891523855283275 -47.538921694704925
-4.030472645512534 27.444670211321142
-1.05705931095752 -46.43838595274228
39.15425161004352 42.560986255578875
-12.365297468454806 -43.753034935311334
10.577173997446398 25.610634724688325
-49.997997356474094 -30.56352724567928
10.495407186112393 -21.542110186005807
-21.453942128168464 38.75672109224812
18.912939547695434 19.081684220092775
-10.66251701579699 -23.718251826948084
-32.70370305095398 -1.3047097991220558
-10.019782285268231 -40.44857149596445
46.95947863619763 -37.774906973219174
17.69857840807772 25.016506176902514
-5.225109750044216 11.41571329912397
48.08425598870299 -5.764408669443821
-47.72262263214772 35.77775282949984
-15.68757250783589 -31.17895523554678
-49.1657947623509 -30.86647245207613
-15.386324205128677 -13.841654643019009
0.266740630129525 38.194044472963704
-34.347273415756355 2.3731334822048202
49.536078959053086 18.219548098013117
43.47994601746504 -5.7852566963893794
-34.47823527443848 -35.841544725303834
-28.77383657813799 7.1551506484242635
-43.783459220611945 2.1070645455113612
35.370613369413704 16.035182821298545
-14.618093752149225 -2.801095893911676
-9.72286269903263 21.51297255321168
-31.614689389083463 7.080625770679444
-37.69094796364064 20.335479081762735
-6.663496562631477 11.81730620943307
38.929535913241935 7.01125210115407
31.106922163376225 39.812788577689425
-40.41536590155843 25.304882538856344
-4.438498592146495 22.55081650792973
-14.467808280494875 43.03773242263942
6.1079249759703576 -10.650107249481422
-29.113794045960205 -24.609004268686878
39.53376572971755 -17.68211698279474
-21.148656305308965 -38.151204647311836
-39.92533967624607 -15.517728454486734
14.744463065950097 -46.73407241527544
-0.015379317732638897 11.866931515286371
-20.95739942425132 45.53103409433549
30.305021410679828 -3.1755636039886346
15.985751459667236 -19.36223714098792
32.92269241853093 -8.54316399574504
8.53007710783847 7.528244821183367
30.698434720695268 2.8260107204436613
19.107095828493513 -25.34843486681371
-5.555265091592304 29.589404027789822
-6.668892400184284 -4.3181718441768435
-12.819104250465617 37.07324705091805
40.37896554009991 25.298824095949886
-0.5488477614204013 42.8350020737787
26.896714818344748 -31.654668737317802
25.48814278893861 45.234077151949144
16.021898427570186 -21.75077307665228
-19.740433165215865 -12.421698767842049
20.05064968941086 32.725885138045705
-24.76882870640644 -42.000351719521916
-44.694598642188915 -39.954420538508224
21.82237203746236 47.016822925121666
-41.91466610224025 -9.111598141171179
-0.39025252965947943 -36.45294189047052
-7.521096287365026 -0.2557860328019079
-18.785546198431902 20.8780496790476
8.89128533647256 35.842118815140864
23.460024087556103 36.4272813087627
40.656971441393836 7.081457071591746
-6.151612085125508 -42.769718374123805
18.71234280734464 -5.558745155898298
40.466043579769696 -13.230465898383331
35.39464070641257 -29.524826615938473
-1.9942949806105836 47.730722507680525
-11.188798566860575 -26.775791653192115
-38.567331725835686 1.7099169307525919
40.80770367584613 48.53390289249679
-19.74976113637427 -36.693947506206506
43.99961908558737 -1.2441749802350188
7.1739275626661545 -10.673613719672131
-43.934354908278515 -45.700671049373916
-49.81603686778321 38.957285020996416
8.519720256792468 5.416562139707043
-20.81584532236433 -18.66187768987691
-2.4998543296984477 8.652030865642013
-24.941501817268975 22.506200273784412
-10.686966780045754 1.014079203457835
-18.30109150792616 30.07072681817316
5.178069102635008 -28.04228406494329
-44.40243962143271 27.187867726054222
41.90824915844066 -49.69459144925003
3.1627522251126416 16.62679038887869
34.39206349285471 11.147188742052256
-31.969647844714356 -45.73686501374196
-15.004599193886332 -6.822532915330687
-40.39513475174471 19.21378518115257
6.653766163413138 37.05958276504025
2.66411947308412 -27.652432970441136
-40.195395762005944 -19.34031182239221
-24.47897712799478 -35.05055420580142
-15.442690681674282 28.486557154061735
-13.301778458892095 30.92729391600038
16.121608340048034 -2.7412661584194087
-43.695713474216916 -15.22067134432335
-1.6237192975813997 15.148204396207321
-21.827281610333817 -46.62803901385571
10.908121873707188 22.14419140563566
-15.730814035296136 -47.55360481213824
26.403957071230987 -13.777920462268867
-30.436884962886708 21.327067933290984
8.265110572828693 2.469425880915932
19.566176482188162 49.857442053707345
21.82863437053697 49.724271328758476
-37.49036457443354 2.3861057760715063
43.62848112509361 42.716500022660135
-48.66157927399113 48.50318165747785
43.81608716877866 45.154428848058814
23.21201074305351 -31.091264112367245
-5.339381229865059 -9.34334478124953
-10.425210864123697 -17.360585957658703
-2.731787947413161 -48.85915696772423
-44.180675158384176 -8.639680771165281
25.862760413679624 33.74707289666015
46.973242340583795 -2.085594695356913
46.50144620313277 32.659369533087315
-11.608888495418796 -9.977716405958859
-38.045002871422454 38.84630512355615
-2.1784796356039027 -4.759297876429064
21.263169245941704 29.414248869829123
-28.41103317704874 20.4907059730678
-21.410618549611975 -19.76507902929494
10.008068110083752 -3.8784853349124626
-34.55868366078105 -37.63092477398394
-10.060585088925128 20.54428710180311
13.497997314671611 3.61830348447032
-29.15026180625839 34.697736121662
46.06362302063755 17.675718007198043
-14.236411208123611 -42.87727965197268
11.234228068833612 13.398785295554566
-48.93026072136283 4.923096519495573
-10.85687402802642 4.5869441994229545
-4.2581376742445 -27.846130987360198
37.348973500449304 10.965817921355786
41.515097103312904 20.75729564837111
0.22898741784184717 12.48928374697883
-21.310573774316083 -1.5209258475903598
-46.82741574239594 -44.1353237051228
-35.40760317842778 -48.29654001131728
-25.02965324904607 5.609706902645939
-40.457198919552624 -1.6329574656188506
48.40226139018031 -22.87157309162644
35.22942194070408 35.27886500190543
36.554234252203536 -10.894974546880999
35.442718946960674 -26.373858813260227
16.084804762151794 49.58045214448196
12.793096392899555 18.184052686488155
-29.96936580102788 47.230686700481094
27.284675727045272 31.04630179786322
15.73506020516709 28.504305558331776
44.46321078986505 39.68510282268881
-25.277612449657777 46.261902248024015
41.65412162601608 -47.566249136443275
-21.670952642364398 -29.218328716327346
-19.806600647931184 1.4512753680641144
-0.8211985445262859 -39.81532055885934
-0.04536590054493028 -1.8167831216592045
48.31657269604079 -29.228532262239128
-46.531619226891756 -27.30269218548208
-4.32478720632043 -38.92302090783088
-19.734768065629876 -3.853485575131005
-21.889493032871354 10.67126689373663
26.716476503332142 -11.716505768324764
-16.47732966124386 -29.447771244130433
47.52860692030092 -35.96138053649868
-17.127149284231553 36.11430949442559
-29.3266249307996 -28.684616731593444
42.05297858858911 -9.309893269766805
-2.3000032519548075 13.563446021215537
34.052277718512954 -28.459510232113328
-34.02122439684114 -25.922972478941812
3.5710584065678286 42.31569537605002
-1.314910002892844 -43.98068702396651
39.777425684180834 -29.947006211237643
21.248662162522002 29.43241612572769
-12.49510478985702 -3.58746039957466
45.347165801242525 -8.043762689659717
0.3485143344767905 15.260993111291649
33.63112815695368 -33.41109946165732
42.970956655054884 -41.59500719668287
37.58260328809524 -39.55618516085579
27.627468162398777 -33.737064869528254
-33.63826984121862 0.5184610706095105
-33.1039225932591 -31.788801822020112
11.312231984898608 -27.609081533467304
16.213910228371237 -5.67110762437032
-32.5498919964916 47.49076625487805
-38.77500051561283 46.83464401568668
375.480273224628846