5
3
-1 -1
1 -1
0 1
6.5
5
-1 -1
1 -1
1 1
-1 1
0 0
7.54
9
-1 -1
1 -1
1 1
-1 1
-1.5 0
1.5 0
0 -1.5
0 1.5
0 0
17.5 
400
1.926316316084542 -27.42421977312011
-18.476243844637413 31.51801057766678
8.7012972354772 -26.272487652867543
43.452889733782044 46.6682352096626
23.55438628023124 2.060597378962159
-19.364747309425017 10.153850505044282
28.763189563900127 23.02043649169157
-5.759791197615094 -21.21049143269528
30.540413328736747 -30.36604165996434
43.17039629930194 -38.43587186569795
47.409957673709854 10.58120604061063
8.135244057548164 13.169010675301617
-15.712527674661391 17.8688266884086
-23.339021268174413 -11.800723550777764
28.842320068864947 39.92606427535083
-20.721492050972056 1.4294558770409305
-39.31635354826509 -12.709362231955662
-17.90747759128267 -35.77651654195964
15.278004186419302 2.353408372479665
30.809334327362674 -40.77476677108136
-5.536305475254438 34.90807680361033
-7.753467801035441 -11.744843605734328
29.742578594478815 -17.057433551024143
32.982470984404216 -46.57296206394639
22.805954252407034 3.4848612122537315
-9.884420202308824 -1.8043692671502631
25.149348368277284 29.048356640455737
-46.80091783582835 -21.066512080979777
22.907451817231234 36.43008118191003
30.76542796502906 -47.73597627943615
-4.668308056436121 -42.42420890367441
37.02347364716299 -46.263265113722554
-13.860021344654793 -48.52714749134777
-34.6862565171486 19.06947790272907
38.38417272650452 -13.994185821533739
11.36926181860355 18.428942742892286
41.59750698280701 22.02664326148678
2.167410669847997 -15.25189114903075
-1.2434457390577192 -32.253563152132756
20.8183237907357 -49.18119407868081
35.434989560887786 25.17202962476537
-3.4052603573763385 -46.91727434615322
7.290575776946651 6.710170696707019
37.45128391714836 -8.185210781015616
12.324459700956059 3.57689438621
-11.75623728498837 21.258126412950652
15.193160288860469 42.56243830075092
-34.82806904013044 -32.45091142795247
-14.899562117211524 -19.453780556581318
-32.260085721171855 -6.4983467282503256
30.056212111008314 -25.72899062104237
45.905694317851385 -27.231683683799464
8.30938986861513 13.694563092629043
-20.202180472681285 0.46775894624395686
26.525497835088046 -43.22981636307302
-23.495113440380294 33.524685384559575
10.841353524293234 15.802400294016856
-14.714907199500487 28.278199875926504
18.179928923561373 -13.918993734961433
-28.25713062684042 -37.17271757920766
33.33310698780297 26.67523862276259
12.418104697205152 44.101164856414705
-48.21302010086757 -4.568981431075036
19.237368815763634 44.56764978276339
-2.373530352787884 -49.24088547382583
-6.098565048905957 12.047022666661512
-26.40341017769834 6.306468067309224
21.94030857727694 -49.955416440140766
-42.292791024178555 -41.9436390935011
13.42860543034633 -41.145787676108284
37.37444419074688 46.39978789113333
48.942385453663206 -19.34257007214173
40.94144920479641 -20.082490174248807
-20.723697039522744 49.429455569268384
45.14281797551799 -10.397899413642042
48.04415131623134 16.00440116187803
24.258636432096104 -30.000875381925322
16.739153758530733 -32.11590376182917
-18.956285544728573 49.62092286579316
2.9614978758509825 42.59461472333731
14.629297106762662 21.127998089102473
-41.5058883707463 8.894352410453116
5.420428899769153 -49.0022443019411
11.555940484506422 24.856576590609542
-48.03048817028591 40.87171668700545
-25.205231490465184 25.31238787892316
-21.91449437304604 30.282174802266283
16.60396632568911 -11.93611489914163
24.966738049099384 -27.36298222214661
-42.082807617064766 33.26454903316137
-46.296280972571786 -15.553188988487538
-14.105448856273938 18.295892032710448
-20.19448237414807 -25.051856277564816
-4.401478371972201 -25.582476737649912
27.89610270801677 -26.156698521902626
-14.131113226189008 -32.23133027230786
-26.235544810917443 -48.155073708412246
21.433347330503477 -49.726627670841395
44.79980738935752 41.93141981587291
-29.20908359578844 15.988110145918355
5.679693174775213 -16.95517966168228
48.49082533098622 -25.579540166100674
-32.42085897617326 -45.81327747569437
15.250468765031645 -22.48121949997654
27.276248107354995 -41.95122486132992
-0.9967640842759473 42.340681507971404
-8.361482360003697 -28.78688854186761
40.01402970036565 -3.6155760167751794
10.814765548136574 30.861024001662397
8.593642064917418 9.522839058335364
18.562871697355078 -30.188595871799258
-4.109903999865367 35.208201943669216
5.794770276951916 43.47497687647072
-34.2918239181058 37.05008538731597
-29.744459685651282 38.36107487432176
39.54238692410287 33.5119730132885
28.884561016513654 19.36145187137323
33.6568728933511 19.457298409945423
43.132249644775186 26.659497578283332
-10.791782031261654 -38.340920320604475
-35.1690703311596 -3.4237277215519057
-29.03593604888424 -49.19125254734381
4.476212266845369 49.80925589785302
43.43531135821216 37.797098940425
-48.18679534056168 -44.30851029868752
23.82317875747613 34.01326638377801
35.356740701234656 25.615255642941083
5.307089990425828 -9.5990154622076
23.755782484592785 40.66599276212647
31.764297198404872 43.50341091741962
10.780175523230506 27.022767491160305
-15.197157942676204 4.011625245533079
-22.588681613042016 10.261498189826995
46.30007940577781 -9.666285482853688
-8.063378352182443 -9.529839019147806
-4.089583134101221 -43.37788412254927
16.69685785177809 6.938671534001589
-24.94903536230501 6.638357247518645
-2.007385784104115 48.951274871298736
3.939617948762147 13.25186684084279
4.5835698135288485 -10.434236175145362
-13.729091295646933 -34.49685571390999
31.36011271882051 -14.534172772453985
38.989923910331484 -20.13344665880359
-10.226205585109044 -14.044316192037826
-36.61834258940058 32.17023452100559
-11.568121845466656 -2.4250314032901343
44.62586111814845 -40.804541681417454
40.847585804322215 -35.142323975188845
25.054870151601783 -44.45019868226748
-18.817459658866824 4.488409649315045
38.76982717095188 38.266913407854545
-28.476329728717246 23.548397164980532
-12.47562210338864 -18.105287201936314
-20.363545968278245 -37.47715398727537
20.814677988316127 19.281541705240734
30.29627572803205 42.75041434429851
18.89435147460033 -2.096026343308788
-26.15013664253783 7.554191401272842
-23.09619364941604 -8.509550504108832
-12.78497519930476 -48.976563036091314
0.5186266701177666 26.89163455001739
-36.71734208274758 -35.165879260421626
39.90461793385622 -14.254700234277845
-44.64124165073004 -43.11947229931596
-39.40589123761708 -37.88830323469954
-12.39870775549215 -15.266918491040249
-9.035254800758318 -10.8074436483991
-23.501765012544322 -20.511913276031024
-48.158599386297105 -7.929029965727125
38.80735939429176 37.896834141197374
-20.87812962921596 -12.390548385930455
-11.446787822178722 -43.55404720054047
-14.658403042194024 3.925017090512534
-13.61121622205177 44.1080110441536
-30.04671335747211 -13.706267278558082
-4.294842911150481 -12.19225849602027
-11.839412419295714 -32.578632442629974
-29.597253195528374 42.245300599447326
44.545706913115794 22.08509104226562
9.686555946454362 7.249530117789527
47.500506637127124 -40.207937720687376
29.024836486197316 -9.577178927586354
-17.477886306826985 6.236045730618617
8.95751021875073 31.607391318077237
29.156713383787093 41.67276852020076
-4.268121394183827 -4.278480612731955
-16.290019193011783 -36.59856586917386
27.800170324588976 24.239426283885066
-18.929657996965688 -3.402390232857888
-19.74750561720216 -12.764683073930538
-44.557836133521334 -42.29592203685874
40.71487182071796 22.09634700070722
-3.4770592386711705 -5.524699638319818
30.15015016796277 -7.377762053989533
41.31006364250616 -9.690212207546544
34.249873497722156 -44.84261953876555
3.961300448402022 8.097012049166619
19.93956533234386 -39.42360444242331
32.891523855283275 -47.538921694704925
-4.030472645512534 27.444670211321142
-1.05705931095752 -46.43838595274228
39.15425161004352 42.560986255578875
-12.365297468454806 -43.753034935311334
10.577173997446398 25.610634724688325
-49.997997356474094 -30.56352724567928
10.495407186112393 -21.542110186005807
-21.453942128168464 38.75672109224812
18.912939547695434 19.081684220092775
-10.66251701579699 -23.718251826948084
-32.70370305095398 -1.3047097991220558
-10.019782285268231 -40.44857149596445
46.95947863619763 -37.774906973219174
17.69857840807772 25.016506176902514
-5.225109750044216 11.41571329912397
48.08425598870299 -5.764408669443821
-47.72262263214772 35.77775282949984
-15.68757250783589 -31.17895523554678
-49.1657947623509 -30.86647245207613
-15.386324205128677 -13.841654643019009
0.266740630129525 38.194044472963704
-34.347273415756355 2.3731334822048202
49.536078959053086 18.219548098013117
43.47994601746504 -5.7852566963893794
-34.47823527443848 -35.841544725303834
-28.77383657813799 7.1551506484242635
-43.783459220611945 2.1070645455113612
35.370613369413704 16.035182821298545
-14.618093752149225 -2.801095893911676
-9.72286269903263 21.51297255321168
-31.614689389083463 7.080625770679444
-37.69094796364064 20.335479081762735
-6.663496562631477 11.81730620943307
38.929535913241935 7.01125210115407
31.106922163376225 39.812788577689425
-40.41536590155843 25.304882538856344
-4.438498592146495 22.55081650792973
-14.467808280494875 43.03773242263942
6.1079249759703576 -10.650107249481422
-29.113794045960205 -24.609004268686878
39.53376572971755 -17.68211698279474
-21.148656305308965 -38.151204647311836
-39.92533967624607 -15.517728454486734
14.744463065950097 -46.73407241527544
-0.015379317732638897 11.866931515286371
-20.95739942425132 45.53103409433549
30.305021410679828 -3.1755636039886346
15.985751459667236 -19.36223714098792
32.92269241853093 -8.54316399574504
8.53007710783847 7.528244821183367
30.698434720695268 2.8260107204436613
19.107095828493513 -25.34843486681371
-5.555265091592304 29.589404027789822
-6.668892400184284 -4.3181718441768435
-12.819104250465617 37.07324705091805
40.37896554009991 25.298824095949886
-0.5488477614204013 42.8350020737787
26.896714818344748 -31.654668737317802
25.48814278893861 45.234077151949144
16.021898427570186 -21.75077307665228
-19.740433165215865 -12.421698767842049
20.05064968941086 32.725885138045705
-24.76882870640644 -42.000351719521916
-44.694598642188915 -39.954420538508224
21.82237203746236 47.016822925121666
-41.91466610224025 -9.111598141171179
-0.39025252965947943 -36.45294189047052
-7.521096287365026 -0.2557860328019079
-18.785546198431902 20.8780496790476
8.89128533647256 35.842118815140864
23.460024087556103 36.4272813087627
40.656971441393836 7.081457071591746
-6.151612085125508 -42.769718374123805
18.71234280734464 -5.558745155898298
40.466043579769696 -13.230465898383331
35.39464070641257 -29.524826615938473
-1.9942949806105836 47.730722507680525
-11.188798566860575 -26.775791653192115
-38.567331725835686 1.7099169307525919
40.80770367584613 48.53390289249679
-19.74976113637427 -36.693947506206506
43.99961908558737 -1.2441749802350188
7.1739275626661545 -10.673613719672131
-43.934354908278515 -45.700671049373916
-49.81603686778321 38.957285020996416
8.519720256792468 5.416562139707043
-20.81584532236433 -18.66187768987691
-2.4998543296984477 8.652030865642013
-24.941501817268975 22.506200273784412
-10.686966780045754 1.014079203457835
-18.30109150792616 30.07072681817316
5.178069102635008 -28.04228406494329
-44.40243962143271 27.187867726054222
41.90824915844066 -49.69459144925003
3.1627522251126416 16.62679038887869
34.39206349285471 11.147188742052256
-31.969647844714356 -45.73686501374196
-15.004599193886332 -6.822532915330687
-40.39513475174471 19.21378518115257
6.653766163413138 37.05958276504025
2.66411947308412 -27.652432970441136
-40.195395762005944 -19.34031182239221
-24.47897712799478 -35.05055420580142
-15.442690681674282 28.486557154061735
-13.301778458892095 30.92729391600038
16.121608340048034 -2.7412661584194087
-43.695713474216916 -15.22067134432335
-1.6237192975813997 15.148204396207321
-21.827281610333817 -46.62803901385571
10.908121873707188 22.14419140563566
-15.730814035296136 -47.55360481213824
26.403957071230987 -13.777920462268867
-30.436884962886708 21.327067933290984
8.265110572828693 2.469425880915932
19.566176482188162 49.857442053707345
21.82863437053697 49.724271328758476
-37.49036457443354 2.3861057760715063
43.62848112509361 42.716500022660135
-48.66157927399113 48.50318165747785
43.81608716877866 45.154428848058814
23.21201074305351 -31.091264112367245
-5.339381229865059 -9.34334478124953
-10.425210864123697 -17.360585957658703
-2.731787947413161 -48.85915696772423
-44.180675158384176 -8.639680771165281
25.862760413679624 33.74707289666015
46.973242340583795 -2.085594695356913
46.50144620313277 32.659369533087315
-11.608888495418796 -9.977716405958859
-38.045002871422454 38.84630512355615
-2.1784796356039027 -4.759297876429064
21.263169245941704 29.414248869829123
-28.41103317704874 20.4907059730678
-21.410618549611975 -19.76507902929494
10.008068110083752 -3.8784853349124626
-34.55868366078105 -37.63092477398394
-10.060585088925128 20.54428710180311
13.497997314671611 3.61830348447032
-29.15026180625839 34.697736121662
46.06362302063755 17.675718007198043
-14.236411208123611 -42.87727965197268
11.234228068833612 13.398785295554566
-48.93026072136283 4.923096519495573
-10.85687402802642 4.5869441994229545
-4.2581376742445 -27.846130987360198
37.348973500449304 10.965817921355786
41.515097103312904 20.75729564837111
0.22898741784184717 12.48928374697883
-21.310573774316083 -1.5209258475903598
-46.82741574239594 -44.1353237051228
-35.40760317842778 -48.29654001131728
-25.02965324904607 5.609706902645939
-40.457198919552624 -1.6329574656188506
48.40226139018031 -22.87157309162644
35.22942194070408 35.27886500190543
36.554234252203536 -10.894974546880999
35.442718946960674 -26.373858813260227
16.084804762151794 49.58045214448196
12.793096392899555 18.184052686488155
-29.96936580102788 47.230686700481094
27.284675727045272 31.04630179786322
15.73506020516709 28.504305558331776
44.46321078986505 39.68510282268881
-25.277612449657777 46.261902248024015
41.65412162601608 -47.566249136443275
-21.670952642364398 -29.218328716327346
-19.806600647931184 1.4512753680641144
-0.8211985445262859 -39.81532055885934
-0.04536590054493028 -1.8167831216592045
48.31657269604079 -29.228532262239128
-46.531619226891756 -27.30269218548208
-4.32478720632043 -38.92302090783088
-19.734768065629876 -3.853485575131005
-21.889493032871354 10.67126689373663
26.716476503332142 -11.716505768324764
-16.47732966124386 -29.447771244130433
47.52860692030092 -35.96138053649868
-17.127149284231553 36.11430949442559
-29.3266249307996 -28.684616731593444
42.05297858858911 -9.309893269766805
-2.3000032519548075 13.563446021215537
34.052277718512954 -28.459510232113328
-34.02122439684114 -25.922972478941812
3.5710584065678286 42.31569537605002
-1.314910002892844 -43.98068702396651
39.777425684180834 -29.947006211237643
21.248662162522002 29.43241612572769
-12.49510478985702 -3.58746039957466
45.347165801242525 -8.043762689659717
0.3485143344767905 15.260993111291649
33.63112815695368 -33.41109946165732
42.970956655054884 -41.59500719668287
37.58260328809524 -39.55618516085579
27.627468162398777 -33.737064869528254
-33.63826984121862 0.5184610706095105
-33.1039225932591 -31.788801822020112
11.312231984898608 -27.609081533467304
16.213910228371237 -5.67110762437032
-32.5498919964916 47.49076625487805
-38.77500051561283 46.83464401568668
375.480273224628846
1600
16.747507372328297 -5.01415661934686
-47.72976766356491 -25.060293254761305
-41.10821137153595 20.93863836712948
-18.449905529656114 23.201135575780828
29.988336001020834 16.11730135992454
2.462468417636776 0.6571689565120831
-29.513582522637456 -23.91544243227931
-15.841336312208837 -26.91318670028437
39.689701586745954 -41.47316811930422
46.91500294820215 -3.437220148517972
-33.882486853180374 43.87875721138255
-15.744431472329346 -22.160857056140987
11.272006823580744 -24.70006349211154
-5.344679206871955 21.11836005112276
-25.445143418312703 45.10050048702424
-39.064365357060616 -0.7211695671147655
-44.79049782182481 36.26619717556339
-41.03703333843479 -26.644338571551412
-12.859731012080339 -12.370859415805196
-29.11847821318339 7.801474910033946
-39.3593909297459 13.804925661875373
-2.224099479919622 0.3847456674013816
-14.937304506115689 12.895561781838893
46.480335922317124 1.4465011123893368
5.427575702111643 -26.844063066909392
47.10425430946079 -7.999093860435297
-43.718274110331954 -45.10722574862396
5.425346045636164 -30.10945119406016
-49.90586533077207 -40.949252762067964
-22.96360617011379 -8.964951960997848
-22.900441967687403 49.39075346409256
-26.977938746368885 -3.38718349836703
9.145825457202472 -6.281400927022301
24.398966394053843 20.77014304157288
16.61860465118743 -5.722803909092372
-33.56030700214435 30.9194311265557
-4.770153427329193 45.56817314086119
-5.642365201725425 13.769010757300022
-43.57571970047934 -43.22531555950888
10.242716165470227 4.452100336317661
47.35462102715462 16.48955363913183
21.98714086067778 11.702740974934772
1.5256291199880923 -36.633099351124635
-7.59536685359376 -48.06462965042514
12.961590012406948 23.477468354359488
25.31559055568669 -22.883751748768198
-27.107353622167242 -14.675488908699435
11.141828676610194 11.561401852370956
17.525075472769785 3.929464661994536
-38.72817961740117 -27.04413711487395
16.0309415971168 5.372059587671252
-2.414031765302499 32.027230103167845
-14.087387205543012 -13.83646310547711
35.274315442508566 42.84818817301152
28.614882121793695 43.242404035020066
-36.60882094158996 -38.54689769021063
-37.88731743376736 -37.824565081671
-45.78468573288914 -1.0689597912183268
-5.675086106634203 13.42997209240418
-11.846075139288676 25.088768172007658
24.299902063431865 48.61091909437009
-20.80515472076639 48.428912362883686
-19.76542328613034 -7.739976159156036
-5.02838499713249 -16.55244840991693
24.627746166538493 -40.873665319915915
21.632226693079215 7.104611107440661
-36.76982660176017 -17.591352701911863
-49.30229942739622 2.9805249759837893
-44.743899161391724 14.535920859494167
15.450071227140105 -14.8954847773206
12.845950193697902 -38.88279145927509
-28.121128121605064 -16.93435344778333
-31.586306884732295 32.463848518948865
49.56910454964417 21.05665531957045
1.7204067058068429 -13.772830478868315
-10.909308561498026 29.033917354073974
32.50381708638627 27.57877000056576
-29.76614303777716 -12.795822473384572
47.33554851365736 -34.37400171308364
5.328338652832193 -36.661744477804206
2.4537491497711783 -34.383356661908884
27.726112843674272 -47.43421336183478
36.84782230536324 33.3610506428603
-1.1442671589185716 20.830889084640187
34.05103362619483 19.9018736273231
-42.58532495545539 -15.231593725037424
38.97768546683649 36.493212420624985
-30.69674975699878 -46.21697448907867
35.46889811361774 39.03448582027042
-41.57631159701755 -7.87534787280898
-2.711080173641256 2.0505523555048755
-20.9696673647016 -29.354300801022816
-31.191134870137265 -39.32563671984208
4.774220613823276 17.633606122655593
-41.35247673784681 22.184371113341918
-12.26330636405013 49.99600928465303
10.615914771935248 40.14647413694304
48.944786098607246 42.172455113354246
26.92946944607319 -11.181666063341101
-18.4680988603746 -30.638319348341202
-49.51117630042485 -11.29135318500058
-5.493841356859663 20.03719560386784
-19.948949103116586 5.643663299984597
-3.939930799240293 -9.208817676511726
29.321566089267424 -25.988390740693827
-27.518415562808514 21.797662286226284
9.504823596418976 1.5784043214636556
1.977007883106885 -29.918812541965213
-29.326950030240045 13.32409188380082
-0.9593764804688321 -21.85762014100579
-38.737309950711015 -3.407401148202255
-49.89828785588687 -27.279759631658596
-16.652486369786036 35.08203080729877
34.85564197402968 25.928208650671074
40.64378706948632 -9.88634982318876
15.723469097119198 -28.283735916612578
9.130252228080776 -11.995595510943286
-5.699955464701495 29.165452124702895
-9.24120804572004 11.939910862283293
41.454550054390374 -47.74798429021735
36.01244700994163 24.414801866261875
30.896224961494855 -29.971839489272245
-31.080080609999268 27.41054808633299
27.95894647548694 1.823523387001097
-21.536145512962925 -12.387161034213662
-46.31841709776279 24.461961248003146
2.1100041676656356 -47.72142918785666
36.45416606775029 14.667811778519363
-16.339620476914373 -0.15261774437945186
-12.971021447197073 6.592202496237054
-4.896769012905327 21.453395855408186
-31.594061073730483 43.281480329939534
-1.730226751293612 20.05254118175996
-27.75107357087841 48.95451322295348
21.19103001324453 -49.83598818192872
-41.1566218827651 -45.50912787444288
-41.803845963445404 10.852788225220532
13.311740893199925 39.23422870572771
4.8485245895989575 19.152534905487368
7.333356009437692 -16.20417238233464
8.415893549892989 -15.480825254008474
12.027473269309096 47.33195750758995
-40.10186367661277 -45.059309854939514
-4.62020959807738 -16.557776623842653
-4.003892993758673 -3.1769081498137677
9.060714891306848 -48.149529252676416
10.183890820409369 -3.8187400718706357
49.3100638633252 -21.591818895811105
-7.261606464932097 -41.059335023005474
-9.530172690326394 25.040014474130174
-1.3025859444253274 25.44669354850279
-25.586791938135068 -10.815946437721525
16.664731921269688 40.103749683831026
44.78066172358856 28.921787104458517
-16.967553643933584 -23.7738097011898
-3.220870541273857 27.04867689184117
-16.848158102657845 -0.5365156026169438
32.75449513640783 18.056672449185225
-27.668050933243272 38.420910204933264
-21.866568443533396 -28.402566061421265
42.834792691629936 31.642151790803347
17.464454089407184 -3.4921415282495927
30.902601011704977 -13.68845777889362
-16.960680812744872 8.433439359241952
17.115936445918003 20.984825014876783
-12.568303005741676 -25.1675745094231
46.56014946262487 39.36009086257374
12.222841102563237 9.453688064090954
-34.583237203080834 28.04391287183357
-24.044881803298534 33.68458466557596
-22.65279380499724 28.420205497939495
-3.7573840354604036 -4.009621817008319
20.31219209224097 27.263622452483354
26.971755367835048 -2.741408443729021
-26.400075594713492 -6.685616827503038
-10.756778678907859 19.52288816063912
35.19722142225936 -25.516678376167114
21.40442063958333 47.231350097491124
-45.66482799719616 39.35126928845939
17.806620066348692 31.095952788700547
4.438301207831785 -28.9820634330831
42.35708360677993 -22.00529913680434
-25.740594105148034 -19.45001375679857
33.79218346077838 47.48164683855696
-43.87916141155852 34.43683455849171
48.88499391266235 26.298302341074688
16.490601472784288 -43.226452013922525
-42.406545358753725 15.216767443328767
9.197037608529278 19.961986944179998
-17.26834713421615 -38.820200393972
4.838302924831472 -47.424835497250704
-19.26025819631375 -15.919749052399501
42.94399879769426 -10.062396462037238
-13.297742439214815 -8.510328767370085
7.6094787974158695 33.49103360850449
-40.59259775579328 31.75239397192129
44.43982789069242 -40.20080724465795
18.66120642489416 25.95628024672388
49.725900238312285 3.6885600312706046
8.584367999838772 4.04566622313785
37.51646866171106 45.74590055828831
36.43278500090641 -0.4767287253544916
2.7505576643725105 -34.12866413589506
18.272263705155627 -10.08954685588005
-11.114028355034893 0.3344058525676097
0.6626850626315406 17.868318365461683
-8.784450278314242 -9.714481883772175
41.06480989496731 33.08695332493714
-7.728359419613417 28.64729384767124
-15.068990169232793 3.816608812637762
-14.714935527283263 45.99925181896411
-49.85984193487056 -0.2717188314843577
34.710182000156586 -18.60001775871328
-45.83093495276616 17.971091737573353
41.81564856147271 -22.958595774621937
10.763575838447476 -14.19063647244425
23.415785555248814 7.94682612673761
43.483737885814755 3.684265666438863
15.697972693819008 5.676854235924328
16.41121029557702 2.1495663351366936
-11.209287623268537 20.29912900237522
18.915005446164212 18.4147694724707
31.614087310335403 -26.947493123340365
-35.889118910503434 -8.823602929514184
-21.31645010864241 25.5579379712641
-48.4626864443643 -19.794584587046092
30.111560821057708 6.787568957700291
6.258588318707037 7.031307055801967
15.530068362124332 49.760359532135325
33.11460370879603 -32.360297362078754
8.039521061627685 -33.866251289487145
-40.681122671674174 -1.672995774549313
-44.76690958577041 -9.340154866081235
36.80953518856692 -19.94842344638061
-39.906383401475566 -33.84742362650407
-28.145310391746875 1.833104262666163
-22.47622850228711 44.80236040907032
28.839864963331184 -38.75479529357661
-34.589135441014626 -49.64632299931095
49.79525878498766 -36.046598321290354
45.89983681942375 28.81197556070225
-5.355794101750888 46.05800944881146
2.3941898462477242 -8.60026845584952
36.86058123836938 35.72946174987242
-40.183732077344715 23.696701510454858
14.971116211475582 -39.60694292747385
7.469804948256698 1.5534267037217941
45.18795898050272 -11.773231391858813
0.3412959372652735 -13.36376061121639
13.47055060258882 2.672323412248173
-30.57005410859428 -48.85566444648269
-21.374250211282273 49.30361077188291
-6.068054833299335 34.63076016478707
22.618643122805288 29.762372267474017
-17.17036955508139 28.275439357702115
35.50117975553484 -45.60313736501892
34.40799739958383 -32.97062930408543
-18.070227586367093 8.002496901484813
35.93464168902942 39.82677625892515
5.471572360295901 16.19790685085998
-45.27146022107948 17.670615933543143
-21.3824511494004 -29.179059671544533
-22.533888392519618 -32.51028640575006
37.94716726114646 -44.10837633163299
-14.80457110470626 -41.40534484527572
-21.128357298738955 7.447196881821583
33.8164775719332 -17.96826154699151
-10.887975647119957 47.264212614208795
-41.610259184039165 -29.223939618731976
48.112038747672415 -27.702712833844718
-37.32991597624833 -46.05382971841316
-22.693220884785664 -39.083214240742684
0.8208262696288993 -31.95120644117736
-29.68534347481325 -49.61802173482182
-11.194208387923227 17.314162712745624
-32.943825366192506 7.214292739313322
-21.02207907241841 -29.002881711656226
48.16615514023681 42.34216540349894
29.326762226920373 7.387761675551008
-19.746464469770007 35.44451346708893
-9.029022672784414 5.614940075671654
28.358225899681834 24.864886284462628
-7.018872213071653 -28.31579288725685
28.679189496831576 -43.770204614188536
47.51312454842947 -29.486965498286278
29.172573910269428 -37.04476433905366
31.863757147107215 1.7674942204559618
-38.338604309989755 21.632123564896368
40.48113165226038 1.8395879833470408
-14.350447390385618 16.30141818542084
-5.036160358747837 -19.17963476360786
-17.488607966941576 29.314689184397107
-31.605452833710814 -7.885978115724523
27.287849645792 -4.971764154721536
-17.92351940979647 13.810050335412626
48.81070148697878 42.509272207922336
-20.40610474086295 41.717404269444
-44.96162021908718 -13.3303440668108
-39.10868679830623 19.70522546006377
-44.255854652403585 15.041558260940368
1.2842253011876636 30.602859559759988
35.957091161499484 13.273710922077193
-36.70422215292174 -42.58195272328958
-26.997934707495197 -34.762956315770325
-0.40713801709664765 33.702738050077464
-47.59729048733362 37.66888107759297
-11.03824809428396 17.623046039854184
4.988701797904382 -47.60608946499431
-35.444987565403345 40.196591878687464
-47.1737222408649 10.365842849294872
12.691857470040768 29.187117145743922
11.114364817482658 -24.80433113129382
-23.158937387466793 -41.824929444710726
-42.2787019415259 -31.874131598479305
-20.888094687733833 -17.432417922742317
34.95369132955253 -48.27541539844567
9.84092442714108 -4.845095258913701
5.239252995321541 45.70347018502483
-7.2324988521040465 46.85474147734208
-21.137700247354168 -39.16910246449686
49.604984800104454 16.40119830431329
-26.652568170291364 10.368466964232297
-9.805195668299316 -11.739387561929604
9.310895177888028 4.578912255634471
5.53013139558764 30.308112375899142
23.023037998664613 2.057375425101987
42.60457275618455 3.527194945945056
40.69407009412107 27.417914652350728
48.654803154539835 37.24953312578329
23.500830086959564 22.96492329315743
-15.342500750321808 -15.094622483095781
6.248681747621015 -24.458592346651336
29.822875220890634 -34.39010261711901
-10.722045783588275 -40.28919582412554
38.59112141977533 -6.947912029706532
-11.442776528160813 -47.53674764557198
49.381225123030426 19.40158760321487
-40.75042626428963 30.89259005227959
-39.281207650618796 -10.331295588774514
-32.61848331869302 2.9194945717251897
-49.728868024025324 33.90313276599849
17.12062777942911 -6.6268209944643495
11.552068096525742 -42.24927983481304
39.96107122810724 13.837297890387534
-5.717652472398949 -31.3155639543852
-43.98305749499769 -45.32200104395817
27.953031887700767 7.402982314980528
-12.069562143486612 1.180077317049616
37.90452149635843 -44.12976489188035
-33.35027551524525 2.4397772804817697
-35.99648322330036 12.040533110069157
-17.12891710084406 7.357378023015887
-23.65532823812279 25.589107609376743
41.44495302866485 28.390527068882765
15.062464846323643 14.721545308114269
-35.6837737500673 38.32260185111897
31.10022363721814 40.78595113177942
9.149395890553336 -16.514623494895847
-18.65484779327002 38.995638271876366
-0.013753913053282663 -48.76130035913544
0.9405986538751465 -32.17219761511574
31.55663475973564 -6.727760579694797
27.009046929466923 22.995030464001964
-25.110332666864217 45.443531553548276
1.1075963062191996 -34.48391897264703
31.62307024105273 -19.830338645765423
-35.05132287573199 30.941190281463427
6.2552641090280305 -33.74027472572055
-29.272179737678993 -14.080035736059143
-12.922685327071143 -47.480913931918664
0.7096267404732348 1.5655534674454241
8.20057982373128 -32.303917174054455
-38.20676562783941 -7.695067895770668
-16.50282029613682 22.833712829972963
28.57601559690427 -8.444300767684554
-20.950138814749984 -30.91279232303893
8.9984210840934 35.60594095655235
6.841509694244163 46.840203665054304
-13.920630882265195 -7.247193968616944
7.1427479040988615 16.479789728282718
47.113622896505966 -14.212855776625416
11.906377302900978 45.21473905802996
22.05723860146187 44.90048633608212
16.03684179305708 -42.22502020372634
26.314576548186825 43.03423224852264
42.31510511173759 -31.064247635921284
-28.06032872742042 -5.663881005022037
39.096725393273736 -15.012549854607144
5.427098333933245 41.115691431454344
-14.597446866066788 -48.182003775030765
41.83378162126665 19.121563769736376
32.1803780554241 25.8511907227195
42.96006468496215 7.853127916714353
3.558823814826617 20.005446692048146
-43.531096629452925 -5.087290530655575
29.328823793235827 48.55935884731191
-34.5764164062737 33.22982213470704
-48.74546950382233 29.238074587638618
-4.327175779780957 30.4235387108572
23.15705744460142 31.593991918511495
48.41573533551066 -32.46763171914351
-40.01114037807388 3.135385157777754
17.541684555533276 -2.774728230261325
-36.84654204346721 8.043529876037036
33.268369208926615 30.09223026343933
7.1853933108560195 -29.454895627916905
15.113957337687795 26.2144945286403
12.73925989363428 48.78495957078779
-24.601137144488654 18.412423644165365
38.84341702091494 28.070213625243746
-44.42948290547324 43.80702816607522
42.533334108277906 33.80491864643054
23.434578861740547 -15.41351671693243
5.177435631783994 3.2491749077861733
-30.49793609512385 -42.082482863504126
14.08020310632086 16.684866464094604
23.071783028684294 -47.06475087380641
9.96966760939208 1.5960445975984783
48.48278579168463 42.426436709671904
-49.78337078993166 7.250312011891003
8.678764560828578 -29.040797933621747
46.66685013624849 -0.6577755850360023
-31.582457274654484 4.383420318055697
11.59870595358642 -47.3841125828298
-4.716413596674923 -22.85732042347704
-33.556325569443054 -3.194339377808814
39.263058975751036 15.874508581004859
-47.63631141379106 5.003821986981027
45.224004601241745 -41.420592663477315
-3.043689609932354 -12.113106670543322
-10.842671041093844 -45.328971178217856
-5.3639550363542785 -11.20311698261442
41.95426522509713 -28.991186007484266
-20.032006771047765 -11.06730184923893
-29.42720203079962 -30.729992642898086
-36.41206228868208 15.557273241582658
-25.360009761777818 -40.56171339699707
4.40257787253474 -25.71851392175526
-21.197796247125 30.57444224154999
17.980270689623172 34.59270910287068
33.43233385083307 -45.64864179633144
-32.597280049220245 -40.663268717207345
-15.04981814071798 -11.746724587324936
15.845547274452032 -18.420595251665706
23.39037750454504 -31.498157980464754
43.302466235792174 -47.02367092243649
37.58338585530077 -49.30667261642684
13.97187168269306 10.534517285432237
-31.222641184635386 -30.706111144876154
-22.234425990335993 -45.70209695657624
18.445478125171068 -13.191518317835282
-35.72147332038575 25.772213146204447
4.079870202648339 -48.25199918229801
-41.026408774215525 31.299966623390784
-31.023593291367003 -16.83192296242376
-31.667641595771535 21.44135971459319
30.51950185607481 12.947038486984786
-25.217209315769068 -31.700559641243935
-43.490983905824585 -2.682059008363341
-9.009092464595842 -36.609436505184675
43.60167120239821 -28.29627593577722
26.341319900698085 -28.3159027552019
-5.203438983850539 -39.663769387314865
-27.585896127902824 24.557636288479557
21.836785529345754 -47.77477918127748
23.12063878580661 -31.997728548856806
-43.4476388643554 7.524785172429111
37.496972215316234 -3.398852069165559
12.984653737771179 49.5178817878066
26.757746284491358 39.61247727113578
-45.5410718745051 -43.11099305998731
33.31914463069683 -49.85971844151119
-5.705186655917116 -35.425490288195654
-15.330738465698735 46.28037557823722
-1.2835072108555667 23.552787309881655
-49.92775643270537 11.226715890047934
24.060649286076668 29.680460239462292
22.289627779574374 -38.278576171946014
30.760040055718544 11.365467029387876
-24.918857043729098 -10.45634138830236
19.869487707924954 1.6810237685081941
-4.054305766927968 41.60835423650837
-22.495686204487964 -36.463698544268226
-2.632935337610692 19.449338217526556
-37.91170642413366 38.387290587050245
-11.714065244810111 -1.226369987292053
6.9615533985459 -40.09004993525661
-4.780232506321375 25.488989848304243
-28.98582334288785 -41.08180869221128
41.828686811078484 -15.939994723528688
-40.43256514936126 5.657578740945346
-42.66760676590088 15.84347900261967
-35.817365516931055 21.54418214506726
41.331087060250326 3.966697032377009
24.196750837355296 -1.50647990512493
-46.026963685238435 -5.532298112815193
-26.818950715151175 22.63975449531844
-41.5315333535184 24.15749324212631
-34.11609798771455 10.574810732383428
33.4452458047013 33.25673762699864
2.7019157111591916 -38.32236120484595
46.223412104414564 27.884458771778803
-35.538964860506184 21.98325895182352
49.395997563359 0.494427946513587
0.9395110328991763 -8.051132071173212
-48.89057255933359 16.592302984714173
8.564062668321364 9.53399002421329
42.8724701445456 -28.757942073523996
-23.08166403593478 10.621365630044815
4.01621813324009 30.014008664023343
-8.655988422466221 22.123545752893374
12.622309825656341 -10.01746977205517
9.921295771780002 -32.409464733781256
27.493373240235712 40.05052605122768
37.61233113197113 -11.069813942479179
43.98379965732733 -25.287542008336338
39.51220468979037 -35.03193218782221
1.1369043848319271 -25.31454119242222
49.8823368267863 -19.353049361319442
-12.323663040165995 6.377829139773638
23.03851456491124 -47.41842607292939
6.297107807386432 -1.3382995928623853
19.237132777692494 -7.770972457272418
28.07643180673533 15.807996088747277
23.53567882817358 7.298888536623204
-11.574860330941828 31.44548778769743
-40.791519481094795 43.00791490689008
48.38537545603093 -19.88661859905216
-22.463056573627547 27.10472383946605
39.638324096240886 -43.28719182783104
-43.3773203504154 -22.618040682745676
30.34499787344408 29.954165417859308
-9.128042732849417 9.284046145289071
-38.14123014436339 -26.041901760999764
37.268299917427456 -11.922618424517777
0.8450870075789096 36.79004454055304
17.96176247530557 -36.03099072236882
29.742704711668644 33.27959004774638
22.2566360148977 -17.821367093043406
18.016335757845926 -13.18370271510192
-38.64633393239307 8.429084457734454
-16.22867586247564 -16.489849383656125
31.080964939518456 -24.51785516330186
49.277522524432165 9.669802420350527
-24.093683226408313 10.008679782424817
11.734833264861782 14.274091045442749
33.205976870858166 16.158967139903197
40.98425179317684 -18.427444653264413
21.275935273772884 19.71844939999227
-30.071148932689713 22.20180562352977
23.953587995891535 11.388431062087918
4.679260343288011 -30.343466954921695
-49.907350932722984 -49.31094964136275
-1.147966756971902 -18.33089247412016
23.985660654374065 34.81440960594109
44.94428572513901 10.239798421328745
-3.977842905488277 30.14223866247807
-41.50364853311502 -19.392040381890276
14.138296464505906 0.391152176117604
-3.853496635615572 15.264878777111585
1.1380409651666423 -24.38556103312039
-3.933791012676263 42.63718364769489
30.607690135427095 -31.714709849723878
-47.028481093194316 31.44913890437977
4.935928486507618 35.65909387404137
-31.22199274547691 -48.35200938689636
-45.48753763355061 -44.232715780059024
16.294809176559017 -3.424540219059552
44.9050387322047 44.06775938527346
-38.97219567151809 -38.03253578235655
-7.658020681946093 14.368223237105997
-23.9401438771934 32.30819114861877
-9.50420977710929 -40.65909221722348
-2.5425817186602364 -33.2257460184013
-19.026341888271087 10.557605382591989
-13.573926515511713 16.750003085751473
36.908908128650125 36.29317472306434
23.081034464350036 10.034291679331513
-21.118825774940074 11.20252758295996
12.58861548637234 -12.144429403918789
-28.654110240116403 19.92663450448961
-47.66216399874962 14.285251083848689
17.024589064292567 34.535972516212674
-1.2224913724903919 33.0062581049526
11.128750484972228 41.310703878301915
-18.5258923815649 32.36295857414322
3.6907612197796924 5.402324405622849
-23.22403103345269 -23.510462196541432
19.921728514150754 43.10333940118984
26.417602300276226 42.70588501560685
39.56927722238211 33.951533614464
-13.117827201006072 -21.196127543637143
32.01947934908942 17.395407040629056
43.02984930230036 -22.967595956730452
22.615229543743144 -31.247320996097784
-15.072091206051109 38.83442429364061
-20.855105092919107 -11.65093038420414
7.545637228554824 37.84175652927753
-3.636782668778432 36.78946186002409
18.36770121190925 -39.460656520566296
-9.209076827974854 9.061396299415952
42.28324977037287 32.55120953829474
9.996650540291135 32.950123849390714
34.46882463859866 29.57036587379865
-44.96148397535752 -8.314129592374309
-22.442655658633754 -7.001112213327099
4.665132827773322 -21.32427176847871
40.6950957791382 45.47950226995653
-24.695865016687797 27.77472437191795
-24.953464760837246 -45.59613795383154
5.624722313851588 35.99413079199574
15.49535568593116 -7.848649334407442
40.15458195262085 -9.08354515767803
31.424455575219113 27.72173301050484
-40.62626439939632 18.707715134229
40.32296513057062 -19.371323591412438
-22.545770908147013 45.16627873310435
-10.194659593275428 43.8894478465647
-12.296688471333262 -30.97142031541256
-43.112665677621386 30.626329894036868
9.701850630756109 7.658564683131819
2.486011098863411 -42.546318219538755
48.59829362429288 -28.056670457141337
8.359011596649363 -49.09417495647252
-11.089589999052535 48.74467071634526
-37.65755756100126 32.54832019794867
13.63960400978787 -19.92064109592857
-28.7963632992726 -16.337555007519168
45.671746090220964 -2.4102451816682247
-2.561236953360746 16.297877878734486
-3.8377800293445565 44.041030320287376
-23.680442673763068 28.345894095896785
27.62025306230416 10.10912405530498
39.99920896193625 -28.545442804399723
-4.432599900220524 -25.16490468089764
48.67144919961204 24.043952791426953
24.880990536028108 -45.84420320127755
1.2827575897548127 5.855126825954931
31.351993339785857 46.97159714958739
22.318740939878424 16.96449424356739
15.590093850742559 -15.662369572564284
27.892751375053116 11.73440294029166
33.429150837896955 -10.64967538105115
44.147079293732915 -45.085017655583506
-17.341843819908892 6.563502901239882
37.24166904603083 -42.42787074922569
29.97117908746957 -5.3879694739632775
-29.344428941030426 -13.828551351247265
-14.308109536574271 9.823531858868611
-37.537182044012866 -38.37507573686771
-8.679337218450767 15.78066109413167
35.051331977891074 7.228508041766557
7.209360247580293 43.73155400037644
46.7473062084784 26.33240061924368
8.920822170222387 41.1464358223367
3.2518327739611 -42.25760192041616
-11.137231767874061 -0.7410228441633415
40.66711554590509 17.159012002358864
15.352116986009994 -1.7617020796169336
45.265974785508234 -41.32083242774755
-26.228661963553723 44.03499426534619
5.087010259318925 34.26687836745352
-36.89391357769731 -7.007862846427271
42.843851815487184 -47.91252611920995
6.191588225597034 -28.5054318296032
17.062558037530174 47.734835914121525
46.05758276642696 10.432663644998607
-40.86122824920743 10.43744147806
-49.68220283645354 21.146584106135897
-30.285890350132988 -39.086733926259434
3.623218048548582 -26.725588100163577
6.616719697435597 9.195940771379307
-39.533773307551954 -45.86241347065208
-39.558665296668636 21.73362948599455
43.66923483299192 35.60732752820952
30.730532184287224 -1.533218145858134
-4.837028805309829 27.688097632524407
49.36659142201678 -42.080051279630624
-43.95353744352282 47.63330778995237
-44.64477291842409 -10.15259402162892
-30.872106332652056 11.425583397027939
-21.55551287054403 36.294325417559506
6.646243082540315 6.911279741024995
29.72531141340226 29.59287019621423
41.892052568218766 29.69321166163728
-27.109060721886923 17.74295991537769
24.41397579493078 -5.732971416734717
-42.965215916615996 25.86975050146652
31.757903342475508 -45.389402097983236
-27.027861195143853 -20.0890971494332
-6.8557136681729025 36.119802324019155
-34.28974167750846 4.281318445332083
-17.425311320932206 43.57039789199818
7.310313014933651 -21.055025718635463
-42.290208267673904 -3.2826676636100336
-30.462887818855744 -20.377584131897
-40.2827416385097 -47.74207389501116
43.03492015574696 21.848752830114986
-19.89495507318234 25.99576677790173
10.595514242956483 -9.094087421199259
-40.34123436746647 -35.56581079349636
16.54419449322241 -7.25464428678454
37.19674136583868 -48.88451866536324
48.255023415604306 7.049568132148776
-28.275721525427887 28.978429709538933
14.73011383371548 11.388120528401918
-17.91374139101205 41.62751874042268
45.17660218496598 -43.00769770061988
30.317913152149895 33.72618313419938
-30.42114910573417 14.114424744882514
-15.149184501426449 10.072569993908086
-31.57602549801013 21.50286819489697
-31.00073941650121 -3.312821192756638
42.87084841978348 43.13144182770704
-24.936581751944065 -44.26677402541232
-8.064026857364187 24.630056197337773
-38.75436253723815 -2.361709027443182
2.347985819728271 -6.71658864852101
35.136512063592896 -28.400681575053042
-4.162225460315544 6.9987298872865535
-49.3537447339979 -44.39201280653633
-43.82827584326178 -32.13776337146804
-34.684981740412745 37.66650814256328
28.420621568356943 8.850843656191959
32.217784501968275 29.008944301522156
-4.787643833195654 -34.72835566190206
8.193330144500422 -47.030414321183386
35.13665079405034 12.342870708568432
-14.560010406892115 3.5080703653253495
22.097062057855695 42.62632337941395
40.89971319422167 -26.918843768302985
32.67579916785441 15.991913509407457
-38.39084022351586 -23.89368768413414
-33.01895350322817 2.177331657353221
8.972139726144789 -0.818926635962508
-8.393789788257495 -2.285870098825815
15.371400574605026 -40.311251999478394
5.3051488082246685 39.00194878090929
-30.1630767394444 -39.79294510845296
-45.160316840829154 23.45766931246694
-4.5189111683458405 -31.893877819309168
-21.39641161675566 -49.72690892203619
49.81560824908485 18.906861419543038
-4.484358651157705 30.423559633965127
-37.76363028137175 16.02289781473789
-41.723523033387075 -49.38043986857558
37.22116823688017 -10.572907976804514
-1.2410403418806226 19.88546844327896
18.357363350060073 7.002482274964105
22.10993598592174 -49.451646434352234
-17.328827956391805 39.80623847544884
45.00006732796222 -24.597417132261732
17.133535787685677 -49.14832346326928
10.275979750867009 -41.613963333816166
12.806146159831988 26.39564707972653
22.955712886412538 21.796005871043096
41.6188199691481 49.290385246605645
46.4446388561757 -12.112665227773439
-21.451587089849916 38.98834263337321
-49.45838103460191 -34.79495275153151
2.9963376174266534 33.68970794049626
-43.048888852395805 -11.81644325343128
3.9584939427429857 -36.088790192560424
-7.147717522552233 2.7437048169021425
5.92041635760891 4.369282152820414
18.540591559932167 6.933040215648079
-7.030631586667003 18.97161652858989
4.687293153591687 43.55010197808946
36.18290900666016 19.85898454843283
10.300961340820159 35.38895151743959
-46.84928773150361 -21.50857028710537
26.10084490474092 -34.967110581091056
-21.23107820663717 -25.354569946681167
41.652584886146876 -43.873187731922215
27.8919351580881 11.909552077512553
46.710083414998266 38.843616566798715
38.53703932329455 -7.290733535395955
-17.973013518100416 -30.545096953048134
-22.10246133979112 31.377708904671337
-40.67405752829824 43.539278595885946
-46.81877390354182 47.328232398011124
26.90990304720214 -18.406256983416053
33.41295912346078 44.6785791592865
5.130087439543368 -49.50345194209367
-15.1126976730028 0.7550697065763168
-17.697733594747696 -34.33641910523518
-22.617074371905844 27.623314616557863
-25.93625489530928 23.01816489999173
-24.6977923869032 -24.30173971801594
34.57607995066327 -18.793523178480964
17.59492509655206 16.46595448364491
10.015461997623037 -43.10516223584831
-18.871303396931356 -28.370536181338075
29.30944699540932 41.17777400795883
33.88957308129134 44.214769749868374
-9.301042592066494 16.597017544252417
-25.57599958131105 28.67893048878678
27.808672048576945 45.859775626514605
-30.63507295696851 -38.85765958572629
11.283951199649533 36.372290296102584
27.878989305092816 22.316993866434775
-25.853881850718814 -3.87273131750121
26.836060356015796 -8.501621024879274
21.161495592311624 7.754768183625854
7.302109174470028 13.218907935170982
-38.919021687279226 -45.26870751385666
-2.9989316738280536 38.42627963564692
10.587649892425532 -18.07675341170496
-35.003866586139345 -12.048510370431703
31.09793542046842 -47.13895822103187
-13.114558439937351 -25.051472613847814
-8.024920256626016 -24.40642162024882
-35.812948365163436 -35.49892744221059
48.132022133584286 -2.298309591239395
-31.992584355231646 21.818906276195708
-5.6977717121311775 -34.43923965403232
0.11329139351664574 -30.00625208462503
-29.539439212930073 43.633613962248766
-12.94727482036615 21.987872680561864
-8.147626203840236 5.553447022882796
18.580717837016913 44.877290219309856
24.84588353229561 49.11625883209633
-30.83493199388348 -3.345022020342064
-47.38941285322729 37.02959769945184
-14.77112938270831 29.83137496010929
38.91692280032474 2.478742318109423
-35.44287128222319 -9.82820830179289
-39.66969017306954 -30.43416709745
-0.5602653295717852 -31.956230445144683
31.391898304923792 34.555309512309556
-40.22996112426592 -45.06438930535664
-8.826319748913402 43.167221622640945
-29.435023414976897 -17.077914726051386
45.219383781020746 -20.286655321129942
21.418725697883033 -2.8215923793747875
-1.2497178368396644 -10.174149679008188
-22.636343749403604 40.544809304359184
39.294208224784825 6.388682986105537
-2.439006450672548 9.374944203544977
17.445651722443873 -8.82145152239106
-43.1536569770212 42.42567878434516
-0.19604749718377668 44.685331324051695
48.72319623845528 2.7867589341858787
-35.19961399611582 -41.936598764931844
-42.57088436866643 42.121800269829976
8.02956795307268 6.105459883389491
-47.85302185714445 -24.100689574187566
49.34274904011493 14.011954217108268
-5.764020022072164 -7.39313531029831
-31.36613960467845 0.34380132984351275
0.05789620214331492 45.44994741052453
3.1193470011317337 25.572746479416004
-18.45025530874045 22.79858798224011
26.287110996370615 26.185969513112152
-44.0648381926258 -10.079577225873566
36.15589817028405 -10.709120517855764
32.58867797748559 -32.55030402969986
14.528645418189267 27.497539978316787
43.299945932067786 -9.282798342620191
24.031712613425043 -42.77223926378008
-4.632531386014971 -32.78205092464019
15.728118085601078 -29.877181688075144
7.441436143545316 21.251407401434363
-34.45109797371179 33.23445300190607
-31.633032742960694 -38.231644946978044
-8.772078383302857 32.97385895417928
-24.324248762212463 36.84024399200251
25.01710177942765 -48.713531703616795
-10.194758928529552 -48.33745545914488
-47.24577680054348 -33.46809501071064
-27.196210351965412 -47.24571578315469
-7.606820864761876 21.160956952789995
-43.282589835487656 -37.74895545526133
-3.984247244738559 -3.7172931307727755
22.325755973763744 18.598393955728586
-4.348264865030204 -26.21427830703148
-19.880220033821534 46.25134930483591
-19.72495628177767 1.0651290704157934
-1.961229249647506 -28.469661429306235
20.198787569910724 -4.7135322316681885
-42.500225720559655 -43.10425422165884
30.862018185437144 32.81499658583015
-17.641725977250193 -39.29243139168751
7.1250775665271995 -2.3817217438555804
27.545701483386527 -40.79444626123282
-1.3019635024404008 -1.8675183172677912
38.85951072460117 33.695921602468445
-44.884720465837866 2.6693608646188363
-3.523452349417239 33.20267270938597
33.421081622262406 -8.022126137509817
-22.073994856817457 36.75450048947273
13.409307752884741 -27.763083506298802
-32.10875564776464 -33.18452080378307
-33.12431462740755 29.94269494613258
15.077277857330106 -0.15058231376529618
31.789123180812894 -32.7583030118285
27.06168039244104 34.56535061144477
-4.005720678083341 -12.787241457972037
-21.7112426304194 23.251599342925445
-38.859379514040484 -17.995955500923948
-45.99497051858808 23.54929616009407
-45.61049836310217 36.50168686819924
1.93622974450387 -36.101026073134506
40.38803207014072 -34.56328194717664
-29.993490854447668 -14.542321039755985
-30.798572389540325 -39.77768451159415
-32.25125597098339 -19.323468538593957
47.86513963064234 7.958691081828084
16.085233221370608 35.38933927795225
-37.209743963915386 -24.67450469290805
-1.465808038545735 35.943821315977296
33.89379395490339 -4.920676674665203
-47.56389197508896 -37.02540335113624
7.830397296714381 -16.904981531192004
-16.823195584188493 -0.12048142057383138
-29.18262050476136 -18.420794779972177
-7.162994459619626 2.54094703891003
15.661781974311273 -6.785532621433255
45.47545994819481 7.792621701827462
36.13982467545686 45.82071398605465
48.08159494196719 -30.66109541448171
7.489841023422356 45.850224318880265
16.309860047217917 4.241537521844741
34.068812962623916 -35.19331370889135
-47.86153687050307 18.63903787354356
1.7566163330671014 -24.12891952643048
7.126903660506772 -13.566044737659283
0.9653745367149136 24.807858469590382
-10.116271163563335 19.5634608488098
15.53320423941526 -3.0894673794165275
-42.16995579424035 -5.071950221407345
26.916422107273053 -0.7792269214954572
-39.11123984149055 -49.08004356297516
-45.59428399779109 29.24397096310664
-25.00639692935145 -21.57557293920175
44.10029915510385 47.88120270499363
12.195822394416862 -16.52702166297183
28.59420386814439 -3.419111828764837
31.76035611228501 44.62133980309112
-48.388643474061915 -18.523835698192276
-25.0868430231428 5.484800481602048
-5.344625931575569 30.690536896206005
-39.69699765453619 21.613436552065814
37.54982006096901 44.89485689965884
35.00364359598942 -28.739648101397997
14.19374342148869 25.981305880201035
-16.158373734426267 -29.86152223027832
41.053917020669935 19.265157746565443
26.6547144985141 -32.66143581068327
38.50704784510183 0.32440557372527823
42.85083656812275 2.5405083800650874
-16.479292937826294 -17.458340201231596
26.075891944257556 -25.995451656339025
-33.249673834991874 -2.7893239099989033
0.4840209532457118 -41.56439959700863
37.52070291006727 -40.484314136736366
-37.320115413528846 -8.068265114062017
5.670289320648164 -43.07268939125454
38.761376695963556 42.3741950745108
48.59897232258801 -49.33697219645122
-26.99874931804735 21.407671560849874
-25.08656268500267 19.752968061122605
-6.722278116197467 5.639853000522432
-11.072242578582541 -17.955919403222893
-31.674464793622683 3.7766774341654097
36.772186416839794 -29.209222863511663
-18.435681201141225 10.876322649306724
-16.04877574699508 -29.352264596257726
-13.105689443981989 -14.621568918618483
4.945459866789326 -30.20394768144186
-29.045357836889607 -26.97363187477834
38.80132371552538 39.89847704846884
36.34260901699645 -10.93402727979137
9.85944191024406 39.129945135921936
-46.16667992355641 -34.64103633841182
9.78305477083632 -36.78230714669894
-45.67474373757771 -47.5273158046527
-23.99365973362833 30.921282045011466
1.634973117920413 35.76524202011914
-27.24504915436382 13.624764801825323
-13.430081043321879 26.726525310043897
42.34738454735908 20.62829683856541
-8.605432380489914 -24.68267903288366
36.455352045329136 -39.26216415691485
36.625766585546174 -22.4728852972897
-41.83446863756404 0.6566801628155094
29.004598954456597 -46.36584201484083
-0.5195962644114149 44.692228260435115
-6.470370259524588 3.8421321847650516
44.77974114885403 8.670606695575895
26.333396913893743 16.523693746044177
-37.80317644415817 3.184260037515685
25.717699324245295 32.976945421760256
11.516972656432822 1.1599386611694962
28.821741574656635 28.61612938221346
-0.9549929200561358 28.55337099109134
-48.872187296425196 12.43344217041864
37.08839846926111 -7.671485771385028
-27.93469555359835 -22.782505403284414
22.532759009268837 -16.598773965921172
20.245838129684806 6.941742104146637
-27.04580178186144 -40.70432941557419
37.230201905894155 -41.68423066905667
2.229870559454028 4.706143328244505
34.86673201187717 -14.580581833399647
27.353168223164165 -36.269212962534226
36.56837459643605 48.261416974236816
-10.703828454435016 -24.614028032441755
47.23909911356415 -12.366001683114558
-33.39089205835575 0.11198960600813934
-26.672343697594176 -30.403595435870066
35.0062397812291 -23.34433582862241
2.954953464530574 -1.2540932733888732
3.0615552778841923 34.60113185162196
19.040678037615926 17.534496850515314
40.61436822863969 -27.29687780779855
18.157285095691023 25.557809020993687
-48.99725759440873 -21.27931270354274
-36.21135512481135 34.1108867079379
25.064252716392648 24.507969931882347
-31.854820504673114 41.777830954017176
-34.86852156208089 34.07903731670275
47.37730703226013 -15.035471625126423
38.18538717676525 -40.07310533208195
-6.0883458571418245 -11.847507407806374
-0.7947500938859375 -8.202344113570225
-14.353518028653255 7.983865652233657
-43.93696633158524 29.733684337179444
-48.94858659087128 45.79184828898141
42.85625239579301 -39.664566052241014
22.895690719075613 -37.645616077912536
-48.8456844260838 -16.627807074568413
-35.44565273578984 18.800584495457784
-21.707830494604487 40.50216061401883
24.37047212756191 -6.879292086808508
-22.04511038893146 46.2051297616382
1.2300518126436732 37.71529037488936
-25.293923751801128 24.644588766445448
12.77724456430333 -9.781641857143669
-31.916612968895773 34.30578506003384
-34.165255526704456 -31.930564378655024
-10.665327382131478 -49.45027233157426
-12.121478669801588 31.670805059876635
-24.33185410204312 33.40335866968207
38.751833295037635 -43.70928244002079
-49.89746225267454 -37.90660181980996
-49.13964528320929 10.983590072663956
17.4968464116655 42.011939671447784
-48.40315223480188 -42.91189762691659
-5.110210491008099 -6.494010003004503
36.37569321290798 38.08681926138428
-38.39756850793862 32.25721667874376
-10.572629829005786 -41.13982220464336
-7.589318020069513 -23.714113089454603
-40.60908881150474 -16.002724820360818
-25.847147400537214 20.61165667846755
19.732556778586265 30.2928522479044
-16.009350981193187 -24.281908697458803
-11.634419962950338 8.048417895553111
-25.134596475807413 -6.793729680891603
-23.204483707814926 -20.540672427592998
-28.758224299247033 3.9820384505438344
-46.3925588938437 47.38941571702763
49.27512803747702 5.831202647835526
-24.841160919690843 2.708405582078388
25.36328711617772 20.189109606424676
13.453387906741836 33.50723530887516
31.86201321628417 48.288497856243026
11.560050200299997 10.07624544348022
-12.018968445726019 23.052088758214563
-12.850092878352765 40.58103775782639
46.52001867831801 23.658109364170134
27.72839786879967 4.593131168209213
-46.21599310759604 -42.34274339349782
-46.2650107390372 -12.783353215417431
17.960395172626203 41.916085402294186
22.399863485092297 -12.504500552147867
-15.472151922330063 4.968161486117034
22.567048442483518 21.489853478621367
49.63743393683767 -38.2415711030083
44.40271650864675 -34.39409473585219
45.16464144057913 -8.147321180997286
-23.700654426575397 -9.403193383100671
-43.006586117923085 -45.900411939630196
-10.279598300763832 -4.639831163580621
10.463960913311588 -23.251731061104124
5.92636528972299 46.59091244091273
-33.38413813004168 -12.29282867906737
20.078838666944243 -25.28373920821485
27.369372090894817 -5.310127958019195
-11.41290048803848 23.43740231060403
-17.408459713280518 33.16514112366768
45.99734146799095 49.31595436425313
47.84592818404379 33.177240874301255
-15.180833738091215 5.509933021641222
-47.102807184422026 -29.98556634675853
-18.875027751446225 38.372780322101825
34.06305447777201 -5.366612449464797
-32.397816165797536 -25.338744286172883
-15.539688957791252 -45.484072422894016
-37.54084944187939 19.8488051400911
-36.73470183249959 16.54749100809249
11.025362749845186 -36.11119780030235
-9.106799669176297 32.35629845615196
26.01035533610261 18.42309274836949
-2.561054818395836 -39.705775681216835
34.817213608052185 -2.2799946326911513
1.374509864306056 -10.131533083371192
13.534823931947226 -36.99942408017425
35.771808266530705 -38.96903285489367
11.669239951808763 2.0854468971510665
13.56491982005278 -15.204760020496755
-12.501964953245432 -12.060606084399916
38.77100143349305 -38.09556569204495
-22.32092339333777 16.99182643349566
-16.62248383135304 19.032765064097628
19.188169826978964 18.436848246936144
-6.883419837759513 -19.62755498149333
4.408399292547582 -33.03776106685799
49.88618223957631 -39.49430045023759
12.362338307213856 -48.48819060202646
2.2025524743562173 -29.708260510846635
-46.869054085193945 -29.100704149977446
-31.363270632134384 20.414320354273315
-24.741260756724675 40.701003722744574
-31.54011893644517 13.563278865412936
19.697690375924676 27.075458389475287
34.604580508828825 4.252270022715371
12.296563164359759 32.69854765207226
3.4771556404937565 6.645869201546123
-14.054257933562187 28.96677146498321
-7.181388178742459 -22.954447536132605
-46.41321229044429 -13.665593872398091
39.51666450778843 6.446344386718788
17.723138295165796 -15.895982952028382
-5.763848534913935 31.97041398871292
3.8995947237953077 1.187106215617706
14.337822239647547 49.96551372274827
-0.9240012327962677 34.02174452788763
22.800980668279152 12.433484494506136
29.849139675497156 -17.500991517177443
-0.1517572643848386 21.85220370173709
-37.47421408400212 -42.37479520648833
-29.802230280324565 16.505262394916866
-48.35352387992761 40.164906975545414
40.158885042797834 18.204825129760057
36.30282443512433 47.6068016606399
12.220582444891326 -30.88424982253104
46.06742619300889 2.137129805045296
-26.10780657505858 -41.03701381291742
8.316097158438785 -0.6532625140086623
20.937244463168753 33.47851711241178
-3.6248441811417287 -16.271496260104524
4.955768991419596 -48.40733102217987
-43.614613626246395 -30.31047325007486
15.347885028303065 -18.24243143339349
-49.90698797451253 49.22639177699442
-39.63069306961245 35.21302187438013
-24.061941670078212 38.72655136554291
23.050445718369676 -13.177450227309768
-14.161714504399885 19.787815702391065
-48.894754640422875 -19.647845412925548
-46.20485952120944 33.80653257154656
-41.13450283849627 16.496978338567963
0.9745427301444454 -46.60649937460231
1.3095373903068752 10.32395738925077
-29.545144535824157 -23.531516063436335
-4.0721986111171615 25.955286226367193
-13.091224151279334 -20.349092831151015
-38.30274402253176 29.057863998933307
-35.162927822417764 -47.19188679882647
43.21073687148162 -36.340489632088826
-47.091873447698326 25.263409339372856
-1.336465404313092 14.32042757349128
-19.69160620326958 18.534589079398252
-12.866435445306424 -30.13159703485299
-36.91666409073922 -35.15773482808001
38.1770259538699 30.350949932366404
49.64432305838542 5.82446894532419
-8.020344521798522 -36.3196088764928
20.243090787827633 8.794198867529712
13.266371367256685 -6.935301730124826
1.092002033161904 23.819674578971156
-48.61542692422834 -32.39269202527508
2.714785722164997 9.696211295516754
47.19504227086844 34.848127973726996
-19.69295558898535 -12.661124776166288
-5.455299905524807 -14.485408989271209
45.02190386115119 25.369956666480565
-10.276686488432073 41.95910549547989
-16.07404343731999 28.676036171799897
-42.70454331176944 10.692009702487349
47.83306951043203 -10.939954346736242
45.22415499849675 -25.00327212570994
21.563405071672815 22.095509592294434
1.9905633102476394 12.543789981573727
9.578883741042654 32.1986786678943
-43.92714321193314 12.015410056292463
-29.274745908338083 26.686187828397518
-3.107025465631236 49.65050733988702
32.08699306217578 33.070242491230246
3.3314084893510456 -30.42849792366954
-45.5431885843216 -36.29596955460874
-36.31884487083446 -32.505862727073534
-49.06872865280067 2.488149025881481
-35.41953968404836 5.8362230431889035
26.712691275089867 43.31378572823379
-21.268744880943064 38.457048566702376
2.4572926828038524 15.687094392007062
6.293296964414052 16.419553422234586
26.275022973860295 -14.04344256588525
-7.485371411700714 15.838345583083967
41.5975286040255 24.908841418006972
29.357508132210764 28.037379610433266
27.360300575309843 -25.99152029408816
-41.49297509601049 31.268799337183605
-20.287230335179053 24.522158338807426
37.60553149502112 34.98120887807188
-35.57909484175372 -42.06934220262252
-25.52265198522594 -35.113948531952694
16.67003467160841 15.556804141289716
-10.006278214805986 -31.393932956881127
-7.216090723161911 -46.70900170714476
-42.82515136339915 -20.111616635477592
-0.9798600395088619 -44.65160265264298
-26.992801955684392 38.35264736397228
-37.77532102999406 18.89345002879137
24.585242106318304 48.161770174707414
26.136920279347066 -42.41654986481544
30.052443537477096 11.615543543081769
-35.87694775434976 -17.100653803990483
33.4376424282121 20.280435876651083
-16.195292224325275 36.2090077667154
10.41854661376212 5.032855569201295
-7.5056197241693265 -1.1618073507911053
-38.584510408417735 14.71768448015326
-27.642050112405958 12.323947058729967
-1.8637276106358402 14.62187371005132
25.610386101388684 -16.033608904935782
7.514507591470515 -18.239667434675127
-8.54796124396135 2.5982562584258795
-2.59471519986994 28.306016276230284
-10.056171311983547 -12.48460343337996
39.32340623082173 -25.57473219058301
30.56974474769298 20.42911384467123
-1.2487485031222934 -6.317972053497573
-42.926818485954705 29.695587927438616
-14.636274076326478 32.0235821808031
-18.803889357002017 -21.206421577532915
31.99153588984697 17.266894318209648
44.1796876236801 -14.774070607392565
37.13121919663701 44.23351315880994
4.492043980384408 -12.159303836827123
33.71678368212906 -4.869669160180212
32.65182078209183 4.182802292476801
-41.66469148374045 34.13670391373576
-25.577953871231635 36.61666143092309
38.347280237812235 10.34623315351938
47.41767390814898 42.082368387851076
43.99835313309872 11.052573656058751
-0.11597704223697547 7.681801109954628
13.237541744912468 25.47896757007106
-4.498397810741849 10.587837390733274
7.127505060874734 36.95419974087671
-47.53115000449766 -16.321108373414045
32.67802829548563 -1.3361411957712732
-13.922698445879128 -46.93947895421168
49.21108378687697 9.898799826585458
32.73082406546769 -38.86680641296669
-3.5009164553749086 -37.65942968960469
32.13924559524835 22.587543685626514
18.103215744706407 40.622272881026475
8.067859147245304 -18.933755369415582
19.787435407889497 -27.91548354548209
-24.780655642652828 9.191098346527248
7.486330881750941 47.29780760327156
28.15538369336268 -48.75033176442229
-21.676764808769544 35.011570361541885
-14.779022743822 -6.5309317278958
-39.605850077659504 -43.458548947818635
-12.533113586026401 -24.903354951900347
-33.27649770519855 22.675272417895087
40.83303079962066 -7.33652263246814
-39.606420676792744 -44.0843320644246
-31.185238641976348 3.497090018874638
4.674663675985835 -17.49824887603957
-1.2266108423994337 -24.027060650928355
26.46972509409535 14.852471360117086
-37.909863648446915 -29.726302176361713
-33.05331629073835 -26.644059992240287
-7.999170285047414 2.366541711188064
45.55384945587388 39.55262070213356
26.540020703036998 16.863382384309634
-37.9036807902027 36.220055207520765
-26.46738322940528 -47.03292312706085
17.734210412835093 30.665688743039293
35.01623832885649 49.659528936907094
15.34286534053837 15.313324741736672
25.098540716451627 -34.101331068280295
30.146053163900643 -8.106820916424345
-22.310675933116997 37.15999432148758
-46.53213623405142 0.6907068686219264
10.735468741372317 35.44134541130646
43.528498711585506 21.13244400536005
-43.20281802123142 -39.93339474332543
-35.19675442868531 37.16286689055565
-24.17300099499664 -30.02833775653394
41.17017126884961 -38.41137216602804
-45.906732264241576 -46.71508194379458
49.24737230868176 -48.61243253935966
-21.08602011517451 27.16887341524342
44.456369682106676 -31.259973288934617
-17.549894027277148 25.464576194303135
41.50299848952139 -14.686195116352312
13.309062605217232 -26.64017624870948
-20.01781453535793 -25.04139979552989
-2.5035643205299607 23.837063818764864
-24.515516883569923 -28.151369293607097
-45.46747661606004 40.74366045728417
-3.4809526815281377 -43.72888498781871
18.564739426665987 -44.06895663690449
24.495777535294355 7.9159193995256505
-31.96015755159134 -3.272516280940163
14.819824043881392 22.63309638279573
-45.98965693098486 17.277512955867696
39.34124618753315 -42.71294809090578
29.29383132229727 40.39336488496378
-40.309495530394 14.293557580104538
-14.378868212610667 2.174521227723009
25.765209226059056 40.449141078511104
-18.76890648137632 -28.44197311757211
6.081046787394328 12.534124134288632
-12.413872553836796 -33.19404600032646
40.52755672670544 -8.21728690512269
24.516893380678752 13.633032982331695
-18.27813126179838 -19.68253168555683
45.44530951486333 43.034240259368374
10.767108959856442 37.972843091337566
-41.88937730795492 18.683999492385063
44.81509133778647 31.953997350082425
-15.932718142094881 -34.61321410331848
8.435526212906892 22.87458180419758
1.198560134044535 -11.352996219711176
-13.736639841378972 -17.99889336881673
-1.7358626374696817 27.438968319437084
3.832759089853882 29.289281148507023
41.80936041172312 9.89077624596148
-3.179100834859583 -15.614474760894531
7.2576084700717916 -3.3933924883231437
-23.244081383800108 -49.46049523592262
21.58307825919915 0.4067567687942586
47.93321677909763 21.62067327508937
12.438373889471277 26.930325754354257
-35.678670877169324 -9.841372856964469
-36.67262540079094 -41.14910165920409
-37.608514240659794 49.89995354149943
44.60213262640553 -14.687674674082974
43.709761538962795 -10.091548970334891
26.669309561441366 -28.698881399639863
31.39923745693712 -32.60123030587679
48.15399348530474 -29.513600436047515
3.416353335482558 -17.738091500680746
40.101191468992894 1.078282463234026
14.451835975712973 39.50785307959377
27.129321438403714 23.906760178306634
-48.42648598751512 -43.50051573825727
35.28299695535856 2.7728910935881257
20.8340238780366 40.569645911788136
35.5944445523945 -7.8706243829113625
-43.0620777915626 22.279854792093438
41.51759346981457 36.66802652566964
48.10539605576994 -36.5990153222034
40.898907632071854 -16.181843152694515
39.585320191895526 -24.81180286046521
-5.649030631885549 -27.89915158749726
-38.48960787680127 -33.13111484632417
-34.779291579951895 0.07267962430038688
14.546643377117691 -24.983913064754258
-48.96714370623535 24.61633125282143
-1.6481201005708934 -32.44808444672911
17.314598099335026 18.327508654809456
9.23423911766873 47.816855434627534
9.463713666569863 10.662764849302986
-4.055500475741026 18.767333870751962
28.733198623226013 -2.793375194022718
-49.225143451967824 -23.109745102821527
-44.440201357416285 -5.167373668267638
-49.97629505852608 -11.593906089766543
-4.071337410827381 23.30461793034105
18.037893004772503 -19.749530651247447
-18.467027814101584 -24.05145552443609
-29.043453977993046 -12.23689362547653
-25.683204085296374 -27.02154815195581
9.886729233249586 -35.68444372600432
-1.694436876246047 28.449402167810472
5.438330647312506 -18.48991558631971
-48.602569279772 -27.18320133221509
36.53737705031925 18.56150507842271
3.5148987440496215 -35.04347023449148
23.672230206573353 -32.47566845250265
-23.755978548794705 -16.274146165475344
-13.264378081233847 42.02810901135175
-16.57709657315139 13.312628460696818
-5.969530666490064 -36.654524905162845
44.02750864293807 28.605352171025583
48.90999084684921 12.69765382066399
46.151459972746345 44.695458435710314
-16.252362969428454 -12.997207894277384
-38.175093224704085 -27.309125178309767
-15.044655265885448 32.77924170130676
49.84727111146242 -18.667117461929315
15.72685332051118 30.321518711163563
-37.59840275199171 40.748108830802316
-19.229009927777184 43.37144476513902
12.681322941901252 40.73036836488775
35.07092816133201 -24.793128378797103
-40.95828858742264 23.33833534473041
-7.377485605442158 23.420126367211587
-32.49815524834567 27.320672900493605
38.223680668691756 -48.590440183057645
-1.6477976665176974 -15.78635495243636
-20.223447068290945 -19.340330033948938
40.74183685266632 -12.62533944625503
-2.7763051113493975 -11.733501365688731
13.114735745511103 29.74041236541258
28.88591262527116 30.302228170122795
-33.579321918104846 -42.316738760069285
41.964583046040154 -42.07698595818508
-17.03580567836379 -31.855701921976692
-24.537819732978587 24.18113538749501
38.37535911677867 -29.199586688987285
43.2629440770312 -38.46724242361356
9.34230246905326 -2.2736697546191675
37.17586833380284 9.171581612252238
40.51897862035263 -45.77227855426365
48.580082180234655 -42.06339381291002
19.097369942017338 42.515387191410554
-8.491914729488204 36.06545204928407
-45.6015200335033 28.702296446846887
1.0561339248712276 -0.8225094346323014
-35.22482238351319 7.788986823300448
-43.84593796932272 6.194182454904674
1.9462426208984807 -20.21567341456143
-33.46142194544591 2.14883425459555
-6.0895292912463646 -38.711157884547134
-18.34055751880042 10.035025736766162
8.489485417666131 -21.400517893742865
23.196762546448486 -48.70708459355731
-36.92935689927638 17.44270355398092
11.997124933027909 21.481374607273562
-33.01339771244949 -32.42460844361004
-38.8953296166693 -2.399801554784897
-10.13868249694715 23.23816501997864
49.03337053589452 -22.777148113610952
15.73022537441609 -4.667045744858145
3.6260878916464345 -21.50877074967253
3.4034610527456377 12.409506721213937
-16.24261516328996 -35.11524465208195
33.21816606273691 -29.763966705350008
49.69878401584415 -16.000503478531066
30.687860161836905 -47.703856430189674
-35.47454659784036 29.90004842824861
47.70877953496134 40.56832179049282
40.07050024744013 45.99577899402112
31.072453258991906 -2.095322903823421
15.217549146762865 45.67401059702334
16.725969073036357 -49.02371669588732
-31.35377788377312 38.40325119999095
-30.44398190024976 -11.99086092623453
6.282609087109586 -35.708282358443
38.07652024339589 -45.95231649960428
-3.4262899183541915 46.717119413189984
-1.0366733297405173 -4.850209448235887
-36.58877623436217 21.25741528281553
5.192198853765284 37.75680670615288
-30.642087888886703 28.978854619690424
-43.82512786030043 -26.219883824549804
-0.050182006906313026 -25.478123277303517
-47.82342189025523 -45.036424965715035
19.64440987777898 -18.90299500959091
-18.768757813957432 41.181241147728606
-24.56463149525032 -13.012111036822176
-33.084479455532204 38.1170504301297
38.780038861807675 -15.167005202066886
47.90780298173174 -35.21259669956709
44.1037505370074 10.232954450619552
-1.8503244718719059 -34.49535633356249
14.115244566015672 13.865188357425728
16.310896153190395 -39.46540902887129
-49.90469562075121 -31.157054943751717
15.504930521624576 -33.197023935215576
-17.053265981005932 9.126673155379478
-45.87420144002675 -5.454528067648207
-45.76342997150598 -34.01865471493689
-38.04119882611183 -11.049021921897124
18.553374404237566 36.89745366032234
-16.972103414451922 -4.162502932954948
-32.42956022993566 33.50890132238861
-28.512439322399874 5.865948662747061
34.95148534035654 -36.88649585718711
-12.959472766901447 24.557952022110847
46.10273111752913 -43.67899626282764
-18.835411309316996 -11.550430238067694
40.382341984831946 -7.675906760061135
-12.525481288437861 46.528003224381926
-26.030595596645522 26.50738693800846
1.9449225451283025 10.107588770891162
-20.80325501720744 29.99516721114902
4.898988902120038 13.224782269925045
-36.2083273703363 21.131030693495607
-5.299994619977172 15.57357249311625
-44.619413977658205 -33.15941980191423
-2.9054859795329904 27.825977155668944
-16.17971632760821 28.74072310658017
24.741591250332327 -4.8581404681628415
-24.910746012466493 29.67182942526411
28.875607706284427 -49.70945964915172
35.93981452410152 -28.140480465052743
-43.70190614267914 -10.501317988892357
-48.26035365338319 -42.990004165320315
48.40519553702308 15.04196498790169
29.93914573669959 46.970990965464914
12.765217504506786 0.3441155727425982
-45.18450294614022 3.456466466490804
-26.96693964012053 -6.781843557935957
-35.18948268988916 -13.597128297885842
-14.58029914430744 19.113302240851276
-27.164180927094183 -37.393207736927096
-34.37356917693283 -49.09586853262816
-8.471181895587465 -14.659524264392576
39.12440119910353 16.9202461196842
-15.278212389717599 -24.36028727081866
22.09261388497093 -1.1901050598810081
-47.64208020425555 33.29020974452
44.31878596087095 39.67381752229085
-35.43794003875687 47.578504174259656
-48.41272020117335 25.554847330597102
42.04796163546547 42.99230947903804
-26.995833330490292 -6.407358607006508
5.223466169412011 -12.516124785823763
26.46154241437797 -5.623613470164157
27.034576979056997 32.18380520068854
-29.217705095884337 -48.519705084968976
37.3214622045315 8.639680865537164
-20.07517867214135 -37.84620533100624
17.561230695515896 -34.40536599429445
-4.946565426638538 -35.930278975430234
-34.564530816132155 39.328820298327365
-12.519187977221586 -23.17582983343976
45.915931762812676 39.192226142203
22.066381799491424 15.148243095637332
1.5721381401082979 -44.95523154610247
-23.061154273582872 -32.97028297242132
28.532104371882276 8.610144355204364
-24.75626872926299 -34.25571393252136
-47.993109006078804 -44.12561912419003
46.39482630665722 -24.307196862716395
36.90685958833201 -24.45540899866816
31.215403735014313 -29.805039974245883
8.34967735926228 -18.08874835605816
-39.915806808302065 29.713347959843713
47.62083580348712 41.118916508516804
-41.739506973270785 -0.6301443840279419
-3.4831086381867324 13.306555308499291
-33.84881596589885 -46.308029064498605
-46.459594191200146 -19.1143054881714
-32.148876715199364 43.571924193121774
18.60087585431134 37.18930886876074
39.2265086864959 -49.360483247810116
-11.636581463881829 14.270160270044324
7.567995941429972 -26.117717561365406
-22.92540539230854 21.994848432950885
-28.71986092968587 -5.2614030501931195
-1.1176543398182526 47.58627090306227
-41.55669478083089 -20.954833517354526
5.944380982606506 31.89186926604373
15.320111325643598 8.90848340539559
-19.047165349245127 30.753957389329656
-25.59287512623161 -27.438137100192094
-5.2626114341275345 38.18728868856549
3.8722748421307074 20.50605101401181
-36.27561184182443 -22.34045779740307
3.9068052502028716 -4.9717089017942415
1.0554595195190142 37.71765471947312
-40.46021099160264 -26.778739991610077
-39.988847077936214 39.63737838953183
-18.66696765708733 -43.304551815133266
2.1238376008125615 -39.40463405559888
-34.64325365646953 -1.5992462015005593
37.43885526643083 1.1732053903355633
-40.51747544497137 -44.74037888855943
48.55076068228546 43.97454995786728
29.544413335853044 -41.03013158740792
38.77608421584799 -24.889878769447694
9.46704860943009 43.26144689594374
5.959463223517952 -41.841992023497504
44.7901320698002 47.779698995145445
-43.98335236290908 6.983429900770277
-11.129555131923063 -35.56645983702866
-26.373082320349685 -4.157487040849195
390.59096938656848